0.0      0.00000000      0.5 0.000000e+00 0.000000e+00 0.000000e+00
0.1111111      0.00000000      0.5 0.000000e+00 0.000000e+00 0.000000e+00
0.2222222      0.00000000      0.5 0.000000e+00 0.000000e+00 0.000000e+00
0.3333333      0.00000000      0.5 0.000000e+00 0.000000e+00 0.000000e+00
0.4444444      0.00000000      0.5 0.000000e+00 0.000000e+00 0.000000e+00
0.5555555      0.00000000      0.5 0.000000e+00 0.000000e+00 0.000000e+00
0.6666666      0.00000000      0.5 0.000000e+00 0.000000e+00 0.000000e+00
0.7777777      0.00000000      0.5 0.000000e+00 0.000000e+00 0.000000e+00
0.8888888      0.00000000      0.5 0.000000e+00 0.000000e+00 0.000000e+00
0.9999999      0.00000000      0.5 0.000000e+00 0.000000e+00 0.000000e+00
